# BRON: KONINKLIJK NEDERLANDS METEOROLOGISCH INSTITUUT (KNMI)
# Opmerking: door stationsverplaatsingen en veranderingen in waarneemmethodieken zijn deze tijdreeksen van dagwaarden mogelijk inhomogeen! Dat betekent dat deze reeks van gemeten waarden niet geschikt is voor trendanalyse. Voor studies naar klimaatverandering verwijzen we naar de gehomogeniseerde reeks maandtemperaturen van De Bilt <http://www.knmi.nl/kennis-en-datacentrum/achtergrond/gehomogeniseerde-reeks-maandtemperaturen-de-bilt> of de Centraal Nederland Temperatuur <http://www.knmi.nl/kennis-en-datacentrum/achtergrond/centraal-nederland-temperatuur-cnt>.
# 
# 
# STN      LON(east)   LAT(north)     ALT(m)  NAME
# 344:         4.447       51.962      -4.30  ROTTERDAM
# 
# YYYYMMDD = Datum (YYYY=jaar MM=maand DD=dag); 
# FHVEC    = Vectorgemiddelde windsnelheid (in 0.1 m/s). Zie http://www.knmi.nl/kennis-en-datacentrum/achtergrond/klimatologische-brochures-en-boeken; 
# 
STN,YYYYMMDD,FHVEC
  344,20160501,   15
  344,20160502,   44
  344,20160503,   33
  344,20160504,   23
  344,20160505,   36
  344,20160506,   31
  344,20160507,   29
  344,20160508,   53
  344,20160509,   61
  344,20160510,   34
  344,20160511,   37
  344,20160512,   51
  344,20160513,   50
  344,20160514,   53
  344,20160515,   42
  344,20160516,   19
  344,20160517,   39
  344,20160518,   25
  344,20160519,   28
  344,20160520,   50
  344,20160521,   51
  344,20160522,   17
  344,20160523,   46
  344,20160524,   44
  344,20160525,   16
  344,20160526,   15
  344,20160527,   32
  344,20160528,   25
  344,20160529,   33
  344,20160530,   62
  344,20160531,   28
  344,20160601,   37
  344,20160602,   54
  344,20160603,   23
  344,20160604,   16
  344,20160605,   31
  344,20160606,   27
  344,20160607,   33
  344,20160608,   32
  344,20160609,   30
  344,20160610,   15
  344,20160611,   14
  344,20160612,   13
  344,20160613,   41
  344,20160614,   33
  344,20160615,   22
  344,20160616,    3
  344,20160617,   11
  344,20160618,   34
  344,20160619,   23
  344,20160620,   53
  344,20160621,   25
  344,20160622,   28
  344,20160623,   12
  344,20160624,   30
  344,20160625,   25
  344,20160626,   43
  344,20160627,   31
  344,20160628,   23
  344,20160629,   62
  344,20160630,   54
  344,20160701,   68
  344,20160702,   63
  344,20160703,   37
  344,20160704,   15
  344,20160705,   48
  344,20160706,   23
  344,20160707,   27
  344,20160708,   50
  344,20160709,   45
  344,20160710,   45
  344,20160711,   87
  344,20160712,   37
  344,20160713,   26
  344,20160714,   32
  344,20160715,   38
  344,20160716,   43
  344,20160717,   26
  344,20160718,   11
  344,20160719,   28
  344,20160720,   19
  344,20160721,   25
  344,20160722,   16
  344,20160723,   24
  344,20160724,   22
  344,20160725,   30
  344,20160726,   18
  344,20160727,   42
  344,20160728,   30
  344,20160729,   52
  344,20160730,   17
  344,20160731,   25
  344,20160801,   27
  344,20160802,   32
  344,20160803,   76
  344,20160804,   61
  344,20160805,   31
  344,20160806,   25
  344,20160807,   61
  344,20160808,   45
  344,20160809,   24
  344,20160810,   16
  344,20160811,   41
  344,20160812,   50
  344,20160813,   39
  344,20160814,   20
  344,20160815,   26
  344,20160816,   37
  344,20160817,   38
  344,20160818,   28
  344,20160819,   24
  344,20160820,   59
  344,20160821,   60
  344,20160822,   60
  344,20160823,   20
  344,20160824,   25
  344,20160825,   18
  344,20160826,   19
  344,20160827,   40
  344,20160828,   52
  344,20160829,   21
  344,20160830,    1
  344,20160831,   16
  344,20160901,   22
  344,20160902,   42
  344,20160903,   40
  344,20160904,   62
  344,20160905,   19
  344,20160906,   23
  344,20160907,   12
  344,20160908,   30
  344,20160909,   27
  344,20160910,   30
  344,20160911,   11
  344,20160912,   14
  344,20160913,   27
  344,20160914,   10
  344,20160915,   10
  344,20160916,   44
  344,20160917,    8
  344,20160918,   26
  344,20160919,    7
  344,20160920,   14
  344,20160921,   22
  344,20160922,   16
  344,20160923,   21
  344,20160924,   41
  344,20160925,   39
  344,20160926,   10
  344,20160927,   35
  344,20160928,   69
  344,20160929,   68
  344,20160930,   39
  344,20161001,   38
  344,20161002,   35
  344,20161003,   25
  344,20161004,   46
  344,20161005,   57
  344,20161006,   43
  344,20161007,   37
  344,20161008,   23
  344,20161009,   12
  344,20161010,   16
  344,20161011,   14
  344,20161012,   50
  344,20161013,   61
  344,20161014,   46
  344,20161015,   34
  344,20161016,   36
  344,20161017,   32
  344,20161018,   42
  344,20161019,   29
  344,20161020,   23
  344,20161021,    9
  344,20161022,   11
  344,20161023,   16
  344,20161024,   29
  344,20161025,   11
  344,20161026,   27
  344,20161027,   43
  344,20161028,   36
  344,20161029,    4
  344,20161030,    7
  344,20161031,    8
  344,20161101,   12
  344,20161102,   30
  344,20161103,   27
  344,20161104,   51
  344,20161105,   23
  344,20161106,   29
  344,20161107,   27
  344,20161108,   25
  344,20161109,   28
  344,20161110,   16
  344,20161111,   24
  344,20161112,   38
  344,20161113,   25
  344,20161114,   35
  344,20161115,   36
  344,20161116,   55
  344,20161117,   64
  344,20161118,   73
  344,20161119,   66
  344,20161120,   67
  344,20161121,   59
  344,20161122,   66
  344,20161123,   29
  344,20161124,   74
  344,20161125,   52
  344,20161126,   11
  344,20161127,   19
  344,20161128,   33
  344,20161129,   11
  344,20161130,   27
  344,20161201,   33
  344,20161202,   19
  344,20161203,    6
  344,20161204,   31
  344,20161205,   12
  344,20161206,   16
  344,20161207,   52
  344,20161208,   56
  344,20161209,   49
  344,20161210,   53
  344,20161211,   49
  344,20161212,   27
  344,20161213,   39
  344,20161214,   21
  344,20161215,   37
  344,20161216,   22
  344,20161217,   18
  344,20161218,   24
  344,20161219,   23
  344,20161220,   18
  344,20161221,   66
  344,20161222,   40
  344,20161223,   65
  344,20161224,   74
  344,20161225,   94
  344,20161226,   74
  344,20161227,   32
  344,20161228,   21
  344,20161229,   24
  344,20161230,   30
  344,20161231,   43
  344,20170101,   46
  344,20170102,   24
  344,20170103,   55
  344,20170104,   69
  344,20170105,   21
  344,20170106,   34
  344,20170107,   35
  344,20170108,    6
  344,20170109,   53
  344,20170110,   24
  344,20170111,   73
  344,20170112,   45
  344,20170113,   67
  344,20170114,   49
  344,20170115,   11
  344,20170116,   19
  344,20170117,   19
  344,20170118,   18
  344,20170119,   14
  344,20170120,   25
  344,20170121,   24
  344,20170122,    3
  344,20170123,   22
  344,20170124,   11
  344,20170125,   27
  344,20170126,   27
  344,20170127,   37
  344,20170128,   47
  344,20170129,   52
  344,20170130,   11
  344,20170131,   23
  344,20170201,   45
  344,20170202,   53
  344,20170203,   44
  344,20170204,   14
  344,20170205,   11
  344,20170206,    9
  344,20170207,   42
  344,20170208,   47
  344,20170209,   50
  344,20170210,   38
  344,20170211,   40
  344,20170212,   54
  344,20170213,   65
  344,20170214,   38
  344,20170215,   25
  344,20170216,   44
  344,20170217,   35
  344,20170218,   21
  344,20170219,   41
  344,20170220,   57
  344,20170221,   51
  344,20170222,   92
  344,20170223,  105
  344,20170224,   38
  344,20170225,   70
  344,20170226,   74
  344,20170227,   79
  344,20170228,   72
  344,20170301,   43
  344,20170302,   84
  344,20170303,   42
  344,20170304,   35
  344,20170305,   64
  344,20170306,   14
  344,20170307,   28
  344,20170308,   35
  344,20170309,   39
  344,20170310,   19
  344,20170311,   19
  344,20170312,   20
  344,20170313,   19
  344,20170314,   39
  344,20170315,   11
  344,20170316,   27
  344,20170317,   63
  344,20170318,   66
  344,20170319,   88
  344,20170320,   90
  344,20170321,   55
  344,20170322,   43
  344,20170323,   47
  344,20170324,   56
  344,20170325,   55
  344,20170326,   42
  344,20170327,   23
  344,20170328,   30
  344,20170329,   64
  344,20170330,   42
  344,20170331,   40
  344,20170401,   15
  344,20170402,   18
  344,20170403,   13
  344,20170404,   14
  344,20170405,   39
  344,20170406,   27
  344,20170407,   25
  344,20170408,   11
  344,20170409,   24
  344,20170410,   42
  344,20170411,   38
  344,20170412,   54
  344,20170413,   38
  344,20170414,   36
  344,20170415,   55
  344,20170416,   41
  344,20170417,   41
  344,20170418,   20
  344,20170419,   18
  344,20170420,   23
  344,20170421,   38
  344,20170422,   37
  344,20170423,   18
  344,20170424,   47
  344,20170425,   52
  344,20170426,   22
  344,20170427,   27
  344,20170428,   24
  344,20170429,   14
  344,20170430,   65
  344,20170501,   33
  344,20170502,   14
  344,20170503,   36
  344,20170504,   60
  344,20170505,   50
  344,20170506,   47
  344,20170507,   37
  344,20170508,   39
  344,20170509,   20
  344,20170510,   18
  344,20170511,   31
  344,20170512,   34
  344,20170513,   31
  344,20170514,   39
  344,20170515,   31
  344,20170516,   31
  344,20170517,   23
  344,20170518,   13
  344,20170519,   47
  344,20170520,   34
  344,20170521,    9
  344,20170522,   10
  344,20170523,   27
  344,20170524,   23
  344,20170525,   20
  344,20170526,   49
  344,20170527,   22
  344,20170528,   11
  344,20170529,    3
  344,20170530,   55
  344,20170531,   22
  344,20170601,   14
  344,20170602,   14
  344,20170603,   22
  344,20170604,   38
  344,20170605,   41
  344,20170606,   89
  344,20170607,   95
  344,20170608,   44
  344,20170609,   53
  344,20170610,   38
  344,20170611,   40
  344,20170612,   64
  344,20170613,   21
  344,20170614,   27
  344,20170615,   38
  344,20170616,   42
  344,20170617,   28
  344,20170618,   13
  344,20170619,   14
  344,20170620,   39
  344,20170621,   38
  344,20170622,   46
  344,20170623,   55
  344,20170624,   67
  344,20170625,   60
  344,20170626,   24
  344,20170627,   45
  344,20170628,   21
  344,20170629,   28
  344,20170630,   23
  344,20170701,   34
  344,20170702,   28
  344,20170703,   47
  344,20170704,    6
  344,20170705,   18
  344,20170706,   23
  344,20170707,   22
  344,20170708,   17
  344,20170709,   13
  344,20170710,   23
  344,20170711,   38
  344,20170712,   28
  344,20170713,    4
  344,20170714,   33
  344,20170715,   30
  344,20170716,   25
  344,20170717,   22
  344,20170718,   42
  344,20170719,   18
  344,20170720,   41
  344,20170721,   26
  344,20170722,   32
  344,20170723,   39
  344,20170724,   19
  344,20170725,   43
  344,20170726,   29
  344,20170727,   56
  344,20170728,   62
  344,20170729,   50
  344,20170730,   48
  344,20170731,   29
  344,20170801,   14
  344,20170802,   35
  344,20170803,   83
  344,20170804,   69
  344,20170805,   21
  344,20170806,   25
  344,20170807,   14
  344,20170808,    8
  344,20170809,   30
  344,20170810,   18
  344,20170811,   26
  344,20170812,   30
  344,20170813,    8
  344,20170814,   16
  344,20170815,   10
  344,20170816,   21
  344,20170817,   44
  344,20170818,   52
  344,20170819,   57
  344,20170820,   34
  344,20170821,    8
  344,20170822,   24
  344,20170823,   22
  344,20170824,   39
  344,20170825,    2
  344,20170826,   12
  344,20170827,    7
  344,20170828,    7
  344,20170829,    9
  344,20170830,   17
  344,20170831,   20
  344,20170901,    8
  344,20170902,   14
  344,20170903,   10
  344,20170904,   30
  344,20170905,   39
  344,20170906,   45
  344,20170907,   45
  344,20170908,   71
  344,20170909,   26
  344,20170910,   62
  344,20170911,   82
  344,20170912,   53
  344,20170913,   86
  344,20170914,   46
  344,20170915,   31
  344,20170916,   21
  344,20170917,   14
  344,20170918,   23
  344,20170919,   13
  344,20170920,   35
  344,20170921,   31
  344,20170922,    7
  344,20170923,    9
  344,20170924,   23
  344,20170925,   25
  344,20170926,   20
  344,20170927,   21
  344,20170928,   26
  344,20170929,   28
  344,20170930,   19
  344,20171001,   62
  344,20171002,   70
  344,20171003,   47
  344,20171004,   61
  344,20171005,   74
  344,20171006,   48
  344,20171007,   52
  344,20171008,   17
  344,20171009,   29
  344,20171010,   54
  344,20171011,   81
  344,20171012,   50
  344,20171013,   54
  344,20171014,   39
  344,20171015,   34
  344,20171016,   46
  344,20171017,   32
  344,20171018,   21
  344,20171019,   34
  344,20171020,   69
  344,20171021,   69
  344,20171022,   54
  344,20171023,   39
  344,20171024,   68
  344,20171025,   51
  344,20171026,   29
  344,20171027,   40
  344,20171028,   71
  344,20171029,   63
  344,20171030,   11
  344,20171031,   42
  344,20171101,   44
  344,20171102,   20
  344,20171103,   20
  344,20171104,   31
  344,20171105,   32
  344,20171106,    9
  344,20171107,   17
  344,20171108,   14
  344,20171109,   35
  344,20171110,   58
  344,20171111,   32
  344,20171112,   25
  344,20171113,   33
  344,20171114,   45
  344,20171115,   31
  344,20171116,   26
  344,20171117,   15
  344,20171118,   51
  344,20171119,   45
  344,20171120,   52
  344,20171121,   63
  344,20171122,   81
  344,20171123,   76
  344,20171124,   11
  344,20171125,   28
  344,20171126,   49
  344,20171127,   62
  344,20171128,   40
  344,20171129,   12
  344,20171130,    8
  344,20171201,   11
  344,20171202,   30
  344,20171203,   22
  344,20171204,   29
  344,20171205,   40
  344,20171206,   58
  344,20171207,   74
  344,20171208,   65
  344,20171209,   53
  344,20171210,   28
  344,20171211,   49
  344,20171212,   30
  344,20171213,   64
  344,20171214,   57
  344,20171215,   28
  344,20171216,   31
  344,20171217,   35
  344,20171218,   45
  344,20171219,   31
  344,20171220,   19
  344,20171221,   19
  344,20171222,   20
  344,20171223,   64
  344,20171224,   78
  344,20171225,   78
  344,20171226,   69
  344,20171227,   27
  344,20171228,   51
  344,20171229,   50
  344,20171230,   76
  344,20171231,   84
  344,20180101,   59
  344,20180102,   48
  344,20180103,  106
  344,20180104,   72
  344,20180105,   50
  344,20180106,   11
  344,20180107,   72
  344,20180108,   60
  344,20180109,   23
  344,20180110,   38
  344,20180111,   13
  344,20180112,   12
  344,20180113,   33
  344,20180114,   34
  344,20180115,   72
  344,20180116,   70
  344,20180117,   83
  344,20180118,   74
  344,20180119,   43
  344,20180120,   25
  344,20180121,   22
  344,20180122,   37
  344,20180123,   62
  344,20180124,   83
  344,20180125,   51
  344,20180126,   22
  344,20180127,   59
  344,20180128,   75
  344,20180129,   76
  344,20180130,   29
  344,20180131,   72
  344,20180201,   48
  344,20180202,   37
  344,20180203,    5
  344,20180204,   51
  344,20180205,   52
  344,20180206,   34
  344,20180207,   11
  344,20180208,   34
  344,20180209,   52
  344,20180210,   39
  344,20180211,   65
  344,20180212,   46
  344,20180213,   58
  344,20180214,   68
  344,20180215,   43
  344,20180216,   24
  344,20180217,   19
  344,20180218,   24
  344,20180219,   30
  344,20180220,   23
  344,20180221,   26
  344,20180222,   49
  344,20180223,   54
  344,20180224,   75
  344,20180225,   64
  344,20180226,   50
  344,20180227,   40
  344,20180228,   73
  344,20180301,  104
  344,20180302,   90
  344,20180303,   54
  344,20180304,   31
  344,20180305,   39
  344,20180306,    6
  344,20180307,   18
  344,20180308,   63
  344,20180309,   25
  344,20180310,   43
  344,20180311,   12
  344,20180312,   40
  344,20180313,   35
  344,20180314,   39
  344,20180315,   64
  344,20180316,   52
  344,20180317,  100
  344,20180318,   87
  344,20180319,   60
  344,20180320,   49
  344,20180321,   27
  344,20180322,   39
  344,20180323,   53
  344,20180324,   13
  344,20180325,   24
  344,20180326,   21
  344,20180327,   26
  344,20180328,   21
  344,20180329,   28
  344,20180330,   39
  344,20180331,   19
  344,20180401,   18
  344,20180402,   41
  344,20180403,   53
  344,20180404,   52
  344,20180405,   48
  344,20180406,   53
  344,20180407,   30
  344,20180408,   14
  344,20180409,   33
  344,20180410,   16
  344,20180411,   18
  344,20180412,   31
  344,20180413,   18
  344,20180414,    6
  344,20180415,   18
  344,20180416,   36
  344,20180417,   42
  344,20180418,   19
  344,20180419,   19
  344,20180420,   19
  344,20180421,   24
  344,20180422,   24
  344,20180423,   51
  344,20180424,   65
  344,20180425,   70
  344,20180426,   65
  344,20180427,   20
  344,20180428,   37
  344,20180429,   39
  344,20180430,   15
  344,20180501,   58
  344,20180502,   54
  344,20180503,   17
  344,20180504,   20
  344,20180505,   32
  344,20180506,   28
  344,20180507,   25
  344,20180508,    8
  344,20180509,   23
  344,20180510,   28
  344,20180511,   25
  344,20180512,   31
  344,20180513,   32
  344,20180514,   32
  344,20180515,   25
  344,20180516,   49
  344,20180517,   49
  344,20180518,   32
  344,20180519,   14
  344,20180520,   20
  344,20180521,   35
  344,20180522,   22
  344,20180523,   32
  344,20180524,   33
  344,20180525,    7
  344,20180526,   34
  344,20180527,   38
  344,20180528,   25
  344,20180529,   17
  344,20180530,    3
  344,20180531,    9
  344,20180601,   25
  344,20180602,   31
  344,20180603,   14
  344,20180604,   28
  344,20180605,   34
  344,20180606,   23
  344,20180607,   17
  344,20180608,   19
  344,20180609,   28
  344,20180610,   34
  344,20180611,   43
  344,20180612,   33
  344,20180613,   25
  344,20180614,   48
  344,20180615,    7
  344,20180616,   44
  344,20180617,   58
  344,20180618,   62
  344,20180619,   34
  344,20180620,   42
  344,20180621,   63
  344,20180622,   52
  344,20180623,   27
  344,20180624,   29
  344,20180625,   30
  344,20180626,   30
  344,20180627,   41
  344,20180628,   32
  344,20180629,   35
  344,20180630,   40
  344,20180701,   62
  344,20180702,   50
  344,20180703,   39
  344,20180704,   26
  344,20180705,   22
  344,20180706,   20
  344,20180707,   19
  344,20180708,   22
  344,20180709,   32
  344,20180710,   45
  344,20180711,   32
  344,20180712,   31
  344,20180713,   22
  344,20180714,   22
  344,20180715,   15
  344,20180716,   12
  344,20180717,   38
  344,20180718,   14
  344,20180719,   22
  344,20180720,   21
  344,20180721,   29
  344,20180722,   20
  344,20180723,   13
  344,20180724,   15
  344,20180725,   18
  344,20180726,   25
  344,20180727,   25
  344,20180728,   48
  344,20180729,   49
  344,20180730,   35
  344,20180731,   22
  344,20180801,   17
  344,20180802,   16
  344,20180803,   16
  344,20180804,   30
  344,20180805,   24
  344,20180806,   11
  344,20180807,    6
  344,20180808,   46
  344,20180809,    8
  344,20180810,   61
  344,20180811,   29
  344,20180812,   32
  344,20180813,   31
  344,20180814,   37
  344,20180815,   44
  344,20180816,   32
  344,20180817,   20
  344,20180818,   44
  344,20180819,   54
  344,20180820,   16
  344,20180821,    4
  344,20180822,   26
  344,20180823,   40
  344,20180824,   50
  344,20180825,   31
  344,20180826,   54
  344,20180827,   53
  344,20180828,   17
  344,20180829,   15
  344,20180830,   26
  344,20180831,    9
  344,20180901,    9
  344,20180902,   24
  344,20180903,   23
  344,20180904,   21
  344,20180905,   18
  344,20180906,   19
  344,20180907,   49
  344,20180908,   39
  344,20180909,   43
  344,20180910,   47
  344,20180911,   72
  344,20180912,   16
  344,20180913,   12
  344,20180914,   38
  344,20180915,   27
  344,20180916,   36
  344,20180917,   26
  344,20180918,   58
  344,20180919,   59
  344,20180920,   57
  344,20180921,   82
  344,20180922,   40
  344,20180923,   20
  344,20180924,   28
  344,20180925,    5
  344,20180926,   36
  344,20180927,   24
  344,20180928,   37
  344,20180929,    7
  344,20180930,   18
  344,20181001,   38
  344,20181002,   41
  344,20181003,   31
  344,20181004,   37
  344,20181005,   20
  344,20181006,   11
  344,20181007,   25
  344,20181008,   29
  344,20181009,   25
  344,20181010,   32
  344,20181011,   47
  344,20181012,   52
  344,20181013,   45
  344,20181014,   35
  344,20181015,   18
  344,20181016,   14
  344,20181017,   11
  344,20181018,   30
  344,20181019,   18
  344,20181020,    7
  344,20181021,   25
  344,20181022,   26
  344,20181023,   65
  344,20181024,   44
  344,20181025,   28
  344,20181026,   40
  344,20181027,    0
  344,20181028,   50
  344,20181029,   48
  344,20181030,   16
  344,20181031,   34
  344,20181101,   40
  344,20181102,   27
  344,20181103,   31
  344,20181104,   23
  344,20181105,   28
  344,20181106,   33
  344,20181107,   59
  344,20181108,   30
  344,20181109,   39
  344,20181110,   58
  344,20181111,   57
  344,20181112,   35
  344,20181113,   64
  344,20181114,   35
  344,20181115,   23
  344,20181116,   20
  344,20181117,   38
  344,20181118,   44
  344,20181119,   66
  344,20181120,   74
  344,20181121,   37
  344,20181122,   32
  344,20181123,   26
  344,20181124,   35
  344,20181125,   38
  344,20181126,   38
  344,20181127,   28
  344,20181128,   66
  344,20181129,   69
  344,20181130,   62
  344,20181201,   62
  344,20181202,   72
  344,20181203,   64
  344,20181204,    9
  344,20181205,   40
  344,20181206,   65
  344,20181207,   72
  344,20181208,   96
  344,20181209,   77
  344,20181210,   52
  344,20181211,   20
  344,20181212,   26
  344,20181213,   44
  344,20181214,   24
  344,20181215,   58
  344,20181216,   40
  344,20181217,   37
  344,20181218,   60
  344,20181219,   52
  344,20181220,   67
  344,20181221,   78
  344,20181222,   62
  344,20181223,   10
  344,20181224,   11
  344,20181225,   36
  344,20181226,   30
  344,20181227,   11
  344,20181228,   19
  344,20181229,   45
  344,20181230,   32
  344,20181231,   32
  344,20190101,   52
  344,20190102,   41
  344,20190103,   13
  344,20190104,   32
  344,20190105,   51
  344,20190106,   19
  344,20190107,   52
  344,20190108,   90
  344,20190109,   53
  344,20190110,   13
  344,20190111,   37
  344,20190112,   59
  344,20190113,   75
  344,20190114,   46
  344,20190115,   61
  344,20190116,   70
  344,20190117,   38
  344,20190118,   22
  344,20190119,   31
  344,20190120,   18
  344,20190121,   18
  344,20190122,   57
  344,20190123,   24
  344,20190124,   17
  344,20190125,   33
  344,20190126,   65
  344,20190127,   64
  344,20190128,   71
  344,20190129,   37
  344,20190130,    4
  344,20190131,   27
  344,20190201,   31
  344,20190202,   29
  344,20190203,   16
  344,20190204,   71
  344,20190205,   37
  344,20190206,   52
  344,20190207,   92
  344,20190208,   88
  344,20190209,  105
  344,20190210,   34
  344,20190211,   38
  344,20190212,   47
  344,20190213,   43
  344,20190214,   18
  344,20190215,   23
  344,20190216,   32
  344,20190217,   35
  344,20190218,   26
  344,20190219,   56
  344,20190220,   44
  344,20190221,   39
  344,20190222,    5
  344,20190223,   29
  344,20190224,   12
  344,20190225,   15
  344,20190226,   10
  344,20190227,   17
  344,20190228,   44
  344,20190301,   29
  344,20190302,   51
  344,20190303,   92
  344,20190304,   94
  344,20190305,   59
  344,20190306,   60
  344,20190307,   92
  344,20190308,   63
  344,20190309,   78
  344,20190310,   51
  344,20190311,   77
  344,20190312,   78
  344,20190313,   89
  344,20190314,   80
  344,20190315,   70
  344,20190316,  102
  344,20190317,   65
  344,20190318,   40
  344,20190319,   19
  344,20190320,   36
  344,20190321,   22
  344,20190322,    9
  344,20190323,   19
  344,20190324,   18
  344,20190325,   76
  344,20190326,   30
  344,20190327,   22
  344,20190328,   13
  344,20190329,    8
  344,20190330,   10
  344,20190331,   54
  344,20190401,   40
  344,20190402,   34
  344,20190403,   32
  344,20190404,   28
  344,20190405,   33
  344,20190406,   23
  344,20190407,   29
  344,20190408,   11
  344,20190409,   56
  344,20190410,   60
  344,20190411,   42
  344,20190412,   43
  344,20190413,   35
  344,20190414,   35
  344,20190415,   47
  344,20190416,   41
  344,20190417,   26
  344,20190418,   45
  344,20190419,   28
  344,20190420,   30
  344,20190421,   28
  344,20190422,   43
  344,20190423,   53
  344,20190424,   56
  344,20190425,   51
  344,20190426,   44
  344,20190427,   65
  344,20190428,    9
  344,20190429,   24
  344,20190430,   25
  344,20190501,   15
